0.9287735
9.824768
1.221608
-5.129329
8.408284
-5.981901
0.8584051
2.253614
3.395688
0.5405365
11.78426
-0.2412909
-10.42878
-1.621678
4.110547
-2.666846
-9.639196
-8.571367
11.41453
-0.7315695
-7.34076
1.265854
8.842563
-1.166173
5.699546
-0.2773844
4.534519
-1.07526
0.5390445
1.520679
1.849491
6.829489
0.4147388
1.459892
1.961339
9.758305
2.139156
0.316997
6.532977
0.5946286
0.9832502
3.367363
4.91977
-0.9099273
-0.7339871
-3.390121
3.204793
4.914534
8.996775
2.247259
-6.491939
7.228066
-0.1586257
-1.858463
0.1624679
1.929367
0.5399397
-1.605215
5.570146
5.681691
-0.2911234
-7.567874
6.069897
-7.410843
1.589894
-5.046311
2.960734
-2.79397
-0.03330555
10.04831
4.8573
4.128685
5.824249
5.628108
3.20673
9.244426
-0.4424775
9.329269
3.48815
-6.368981
3.709056
0
11.27875
-4.067096
-5.030116
1.183469
4.990954
9.29237
0.6802808
0.06777703
-4.879011
4.538342
-1.825461
-0.1746524
4.34483
-3.942193
0.34909
-4.818025
3.879851
1.924855
3.908705
-7.142404
-2.365867
7.279125
6.246011
7.767838
-6.541144
5.305439
-3.715581
4.472573
-2.771041
-8.446589
-3.624187
-1.973649
4.750267
-1.384135
4.24319
5.547917
6.584673
1.186928
2.620269
0.1435969
8.278939
1.96987
4.575127
2.352217
-2.716259
8.742829
-0.0963464
0.4597416
-0.3262316
11.95779
-1.861519
4.190653
1.221707
3.413279
1.899348
0.7758822
6.172519
-0.5295999
0.1132359
1.931623
-0.5860137
4.124271
-1.869262
-3.846644
-0.05351432
-1.260106
1.973204
1.969772
0.6095385
-2.193993
4.068695
-2.509834
-9.095478
-2.536704
-7.380371
-2.150662
-3.871796
-4.290541
1.528558
1.282244
-23.8011
-15.70913
-33.99766
20.64189
-14.43381
-1.869262
22.87876
4.762758
12.99918
1.414055
11.34403
1.602688
-12.78334
-3.509157
-7.65582
13.83784
8.06579
-6.18754
12.01447
-9.31564
4.667459
-6.31166
-1.526796
4.261686
3.072705
-0.4332371
0.1879233
-4.312986
-3.039632
-0.158125
-5.529815
2.477456
1.322417
-3.811524
-2.913637
4.615336
4.911011
1.584776
0.65197
-5.845785
2.3403
-1.663967
-4.11012
0.34909
6.567069
10.93135
0.883684
-1.037665
2.07414
5.42211
-1.263549
-7.36713
1.96232
6.169323
-0.2853066
-3.785037
-0.9181017
-3.390121
-1.579814
-1.307916
2.580809
1.892773
-7.485825
-6.340103
-0.7592752
2.568919
1.795386
-6.62007
-2.572712
5.406764
1.492605
-0.6241437
11.44102
-4.13857
-7.940908
-5.17018
0.942445
9.418682
0.7463082
6.477037
4.309972
-6.29579
7.642571
-5.626987
-2.181932
-3.745787
4.711638
8.855377
-1.833608
-2.486765
-6.310062
-7.558275
9.816066
4.112755
-4.510511
5.324499
8.175048
7.239973
4.94252
7.103612
13.59285
4.9271
-3.423333
-0.9999832
8.511658
3.895145
-6.979605
-2.597341
-7.545873
10.75208
0.08736183
2.427301
7.027765
-3.218647
-5.277017
2.192488
6.871697
0
0.2275409
5.852642
3.201985
3.913994
2.300631
3.722256
-3.818173
0.8048524
-3.881983
5.669503
10.79715
-2.166193
-0.9165879
3.246913
4.060533
-0.8688637
-1.597289
2.652703
15.92534
1.490339
-0.7423486
13.76214
9.677275
5.768572
3.956585
8.491176
-6.693178
-3.247051
-10.39682
7.805396
0.3679223
3.367363
12.14554
5.143998
2.541235
-7.075084
0.5847868
4.347224
6.786891
6.108757
-3.969138
-15.93322
-10.11937
2.995193
0.5746457
-0.6667176
3.095395
0
-0.6557453
3.363882
-1.615581
4.147298
9.64459
-1.438903
1.267335
2.841057
4.651997
2.116444
7.734893
5.688777
6.252024
-1.808454
18.74816
-2.230594
1.255288
7.716843
6.957737
0
-11.47534
2.331899
6.387299
1.986831
16.85666
-1.226288
2.228484
-7.135745
-6.225313
12.75802
3.449514
0.5390445
4.725279
7.17242
3.958795
-2.803946
8.186382
-4.483315
9.822502
8.943386
-1.54802
3.241491
4.390013
14.56204
-3.486892
5.338815
0.3419148
1.517527
5.849624
-9.181599
4.580954
2.651145
-5.644761
0.3081248
-1.825766
5.207904
1.186928
0
0.9863198
-7.930948
5.256209
3.945242
0.5797164
0.2885832
-2.226299
2.627867
-2.817419
6.062462
-8.777603
4.192187
-4.326874
2.731551
-3.65893
1.406167
8.829289
3.596542
5.949834
3.535749
1.858522
0.730823
1.92309
4.651997
2.858746
3.056994
5.847172
3.734684
2.898777
-2.117461
7.450803
4.082231
5.541011
-2.000069
1.503835
6.88822
2.748286
-1.522126
12.11852
6.572688
-4.433545
6.952606
1.481472
-0.73983
1.47418
2.891782
9.509379
5.258866
-8.748785
13.21294
7.382743
-0.5268856
1.640864
-18.73976
6.464758
-7.442294
10.09533
6.485097
-2.94834
5.812361
12.27493
-2.038436
3.241782
8.876426
-6.025969
-21.19489
-11.97525
15.90964
3.847332
-4.469511
-2.550962
-2.225583
-3.732188
10.34235
0.6407429
-9.712232
-2.3458
-1.246132
-21.15078
20.11417
13.23283
-14.27428
-1.404619
-16.656
-3.170534
0.6635933
12.18901
7.63099
6.528668
-15.27923
4.949087
9.097169
3.930052
-2.73157
-4.94056
-8.95856
-15.66678
2.255179
2.585876
-4.796725
-0.8928743
8.732933
-3.427679
2.174681
-1.557567
0.4037837
-7.484209
7.991962
10.16401
6.033187
0.09005943
1.145316
-11.45291
2.100289
-5.729654
-3.134517
-1.386467
-4.023779
-8.023331
-0.5949664
1.186335
-0.1977955
12.04196
2.299459
-3.151956
-3.277529
-0.7843681
7.703048
0.6873324
8.745944
-3.020563
1.451613
1.173982
0.5353644
1.530626
-1.214748
-14.05744
1.91946
-10.38461
1.511617
-2.74267
5.758188
-0.3608503
3.108579
-2.005986
4.159961
2.70255
-6.002287
4.702098
0.5469018
-1.211813
-0.9538346
0.4431168
-5.736538
2.619782
1.415731
0.4991522
0.2147692
4.815472
-1.602573
3.382445
0.694185
0.4008953
4.464635
0.8949831
2.987137
-0.769755
-2.538243
3.494331
8.36902
1.52127
-0.6436671
-0.3830326
3.154518
7.226019
7.199317
1.094983
-1.182464
-3.938345
-0.9195146
4.662115
-3.340891
-2.772892
-8.945983
-0.9276898
1.10072
2.259676
-18.24732
6.990006
-3.473328
-5.797769
-4.475995
8.243124
-2.069058
13.27181
-1.558075
3.782551
-2.170281
10.39041
-0.7289504
7.757197
-0.3503129
-4.944868
-2.860834
5.030616
-2.858673
-3.910888
-1.6477
9.491101
1.391967
5.360806
4.673758
3.666456
4.033452
-4.541272
1.68817
4.422069
1.674207
-0.9681717
1.411886
1.064316
3.524841
-3.495486
